{
 "cells": [
  {
   "metadata": {},
   "cell_type": "markdown",
   "source": [
    "# Benchmarks - Kernels\n",
    "\n",
    "In MagmaClust and GPs in general, kernels are what makes it possible to compute a covariance matrix for any set of points, given a set of hyperparameters. They are used in many innermost loops, and their implementation is critical for performance.\n",
    "\n",
    "**Main considerations when implementing kernels**\n",
    "\n",
    "A good kernel implementation must be:\n",
    "* fast, as it is used in many innermost loops\n",
    "* usable at many dimensions, including a batch dimension with distinct hyperparameters for each element\n",
    "* work on padded inputs (aka inputs with NaNs), maybe using a mask\n",
    "* jittable, as it is used in many jit-compiled functions\n",
    "* modular, as kernels can be combined in many ways\n",
    "* both static and instance-based, to either carry around hyperparameters or be called with them\n",
    "* easy to override, as users may want to define their own kernels\n",
    "\n",
    "These goals are conflicting in some cases (e.g: a jittable version of a kernel is not trivial to write for most people), and the best implementation will depend on the specific use case."
   ],
   "id": "f69390d194b35b0a"
  },
  {
   "metadata": {},
   "cell_type": "markdown",
   "source": [
    "---\n",
    "## Setup"
   ],
   "id": "4763c6a1086dfd7a"
  },
  {
   "metadata": {
    "ExecuteTime": {
     "end_time": "2025-07-09T14:21:07.632072Z",
     "start_time": "2025-07-09T14:21:07.628949Z"
    }
   },
   "cell_type": "code",
   "source": [
    "# Standard library\n",
    "import os\n",
    "from functools import partial\n",
    "\n",
    "os.environ['JAX_ENABLE_X64'] = \"True\""
   ],
   "id": "eb0046b46dc27950",
   "outputs": [],
   "execution_count": 1
  },
  {
   "metadata": {
    "ExecuteTime": {
     "end_time": "2025-07-09T14:21:08.457532Z",
     "start_time": "2025-07-09T14:21:07.725543Z"
    }
   },
   "cell_type": "code",
   "source": [
    "# Third party\n",
    "import jax\n",
    "from jax import numpy as jnp\n",
    "\n",
    "import numpy as np\n",
    "import pandas as pd"
   ],
   "id": "a1fe8b76912d6f2c",
   "outputs": [],
   "execution_count": 2
  },
  {
   "metadata": {
    "ExecuteTime": {
     "end_time": "2025-07-09T14:21:08.671126Z",
     "start_time": "2025-07-09T14:21:08.469540Z"
    }
   },
   "cell_type": "code",
   "source": [
    "# Local\n",
    "from MagmaClustPy.utils import generate_dummy_db, preprocess_db"
   ],
   "id": "4b255f340edfbe6f",
   "outputs": [],
   "execution_count": 3
  },
  {
   "metadata": {
    "ExecuteTime": {
     "end_time": "2025-07-09T14:21:08.680562Z",
     "start_time": "2025-07-09T14:21:08.677960Z"
    }
   },
   "cell_type": "code",
   "source": [
    "# Config\n",
    "key = jax.random.PRNGKey(0)"
   ],
   "id": "3180afa8778f9553",
   "outputs": [],
   "execution_count": 4
  },
  {
   "metadata": {},
   "cell_type": "markdown",
   "source": [
    "---\n",
    "## Data"
   ],
   "id": "190fcef7dd61821b"
  },
  {
   "metadata": {
    "ExecuteTime": {
     "end_time": "2025-07-09T14:21:08.700686Z",
     "start_time": "2025-07-09T14:21:08.699295Z"
    }
   },
   "cell_type": "code",
   "source": "",
   "id": "b36bdb0b6080e935",
   "outputs": [],
   "execution_count": null
  },
  {
   "metadata": {},
   "cell_type": "markdown",
   "source": [
    "---\n",
    "## Current implementation"
   ],
   "id": "bffd41fea2028bdb"
  },
  {
   "metadata": {
    "ExecuteTime": {
     "end_time": "2025-07-09T14:21:08.717174Z",
     "start_time": "2025-07-09T14:21:08.715561Z"
    }
   },
   "cell_type": "code",
   "source": "# import Kernax",
   "id": "692013689fa2b7a2",
   "outputs": [],
   "execution_count": 5
  },
  {
   "metadata": {},
   "cell_type": "markdown",
   "source": [
    "---\n",
    "## Custom implementation(s)"
   ],
   "id": "c7496288f6ddf25f"
  },
  {
   "metadata": {},
   "cell_type": "markdown",
   "source": [
    "### Defaults of the previous implementation that we wish to correct/improve:\n",
    "\n",
    "**We want to be able to compose kernels**\n",
    "\n",
    "As kernels are pytrees, they need to support tree_flatten and tree_unflatten methods.\n",
    "This is not trivial to implement, as e.g. a sum kernel will have to dynamically know how many hyperparameters belong to each sub-kernel."
   ],
   "id": "72e4f4846ec0f35a"
  },
  {
   "metadata": {
    "ExecuteTime": {
     "end_time": "2025-07-09T14:21:08.744176Z",
     "start_time": "2025-07-09T14:21:08.734893Z"
    }
   },
   "cell_type": "code",
   "source": [
    "import jax.numpy as jnp\n",
    "from jax import jit, vmap\n",
    "from jax.tree_util import register_pytree_node_class, tree_map\n",
    "from jax.tree import reduce\n",
    "from jax.lax import cond\n",
    "\n",
    "\n",
    "class StaticAbstractKernel:\n",
    "\t@classmethod\n",
    "\t@partial(jit, static_argnums=(0,))\n",
    "\tdef pairwise_cov(cls, kern, x1: jnp.ndarray, x2: jnp.ndarray) -> jnp.ndarray:\n",
    "\t\t\"\"\"\n",
    "\t\tCompute the kernel covariance value between two vectors.\n",
    "\n",
    "\t\t:param kern: the kernel to use, containing hyperparameters\n",
    "\t\t:param x1: scalar array\n",
    "\t\t:param x2: scalar array\n",
    "\t\t:param kwargs: hyperparameters of the kernel\n",
    "\t\t:return: scalar array\n",
    "\t\t\"\"\"\n",
    "\t\treturn jnp.array(jnp.nan)  # To be overwritten in subclasses\n",
    "\n",
    "\t@classmethod\n",
    "\t@partial(jit, static_argnums=(0,))\n",
    "\tdef pairwise_cov_if_not_nan(cls, kern, x1: jnp.ndarray, x2: jnp.ndarray) -> jnp.ndarray:\n",
    "\t\t\"\"\"\n",
    "\t\tReturns NaN if either x1 or x2 is NaN, otherwise calls the compute_scalar method.\n",
    "\n",
    "\t\t:param kern: the kernel to use, containing hyperparameters\n",
    "\t\t:param x1: scalar array\n",
    "\t\t:param x2: scalar array\n",
    "\t\t:param kwargs: hyperparameters of the kernel\n",
    "\t\t:return: scalar array\n",
    "\t\t\"\"\"\n",
    "\t\treturn cond(jnp.any(jnp.isnan(x1) | jnp.isnan(x2)),\n",
    "\t\t            lambda _: jnp.nan,\n",
    "\t\t            lambda _: cls.pairwise_cov(kern, x1, x2),\n",
    "\t\t            None)\n",
    "\n",
    "\t@classmethod\n",
    "\t@partial(jit, static_argnums=(0,))\n",
    "\tdef cross_cov_vector(cls, kern, x1: jnp.ndarray, x2: jnp.ndarray) -> jnp.ndarray:\n",
    "\t\t\"\"\"\n",
    "\t\tCompute the kernel cross covariance values between an array of vectors (matrix) and a vector.\n",
    "\n",
    "\t\t:param kern: the kernel to use, containing hyperparameters\n",
    "\t\t:param x1: vector array (N, )\n",
    "\t\t:param x2: scalar array\n",
    "\t\t:param kwargs: hyperparameters of the kernel\n",
    "\t\t:return: vector array (N, )\n",
    "\t\t\"\"\"\n",
    "\t\treturn vmap(lambda x: cls.pairwise_cov_if_not_nan(kern, x, x2), in_axes=0)(x1)\n",
    "\n",
    "\t@classmethod\n",
    "\t@partial(jit, static_argnums=(0,))\n",
    "\tdef cross_cov_vector_if_not_nan(cls, kern, x1: jnp.ndarray, x2: jnp.ndarray, **kwargs) -> jnp.ndarray:\n",
    "\t\t\"\"\"\n",
    "\t\tReturns an array of NaN if scalar is NaN, otherwise calls the compute_vector method.\n",
    "\n",
    "\t\t:param kern: the kernel to use, containing hyperparameters\n",
    "\t\t:param x1: vector array (N, )\n",
    "\t\t:param x2: scalar array\n",
    "\t\t:param kwargs: hyperparameters of the kernel\n",
    "\t\t:return: vector array (N, )\n",
    "\t\t\"\"\"\n",
    "\t\treturn cond(jnp.any(jnp.isnan(x2)),\n",
    "\t\t            lambda _: jnp.full(len(x1), jnp.nan),\n",
    "\t\t            lambda _: cls.cross_cov_vector(kern, x1, x2),\n",
    "\t\t            None)\n",
    "\n",
    "\t@classmethod\n",
    "\t@partial(jit, static_argnums=(0,))\n",
    "\tdef cross_cov_matrix(cls, kern, x1: jnp.ndarray, x2: jnp.ndarray) -> jnp.ndarray:\n",
    "\t\t\"\"\"\n",
    "\t\tCompute the kernel covariance matrix between two vector arrays.\n",
    "\n",
    "\t\t:param x1: vector array (N, )\n",
    "\t\t:param x2: vector array (M, )\n",
    "\t\t:param kwargs: hyperparameters of the kernel\n",
    "\t\t:return: matrix array (N, M)\n",
    "\t\t\"\"\"\n",
    "\t\treturn vmap(lambda x: cls.cross_cov_vector_if_not_nan(kern, x2, x), in_axes=0)(x1)\n",
    "\n",
    "\t@classmethod\n",
    "\t@partial(jit, static_argnums=(0,))\n",
    "\tdef cross_cov_batch(cls, kern, x1: jnp.ndarray, x2: jnp.ndarray) -> jnp.ndarray:\n",
    "\t\t\"\"\"\n",
    "\t\tCompute the kernel covariance matrix between two batched vector arrays.\n",
    "\n",
    "\t\t:param x1: vector array (B, N)\n",
    "\t\t:param x2: vector array (B, M)\n",
    "\t\t:param kwargs: hyperparameters of the kernel. Each HP that has the same first dimension as the batch will be considered distinct and thus vmapped over. Other HPs will be shared to the whole batch.\n",
    "\t\t:return: tensor array (B, N, M)\n",
    "\t\t\"\"\"\n",
    "\t\thas_input_dim = lambda param: hasattr(param, 'shape') and len(param.shape) > 0 and param.shape[0] == x1.shape[0]\n",
    "\t\thp_vmap = tree_map(lambda param: 0 if has_input_dim(param) else None, kern)\n",
    "\n",
    "\n",
    "\t\treturn vmap(lambda k, x, y: cls.cross_cov_matrix(k, x, y), in_axes=(hp_vmap, 0, 0))(kern, x1, x2)\n"
   ],
   "id": "15b2e716a156ca93",
   "outputs": [],
   "execution_count": 6
  },
  {
   "metadata": {
    "ExecuteTime": {
     "end_time": "2025-07-09T14:21:08.760448Z",
     "start_time": "2025-07-09T14:21:08.751494Z"
    }
   },
   "cell_type": "code",
   "source": [
    "@register_pytree_node_class\n",
    "class AbstractKernel:\n",
    "\tdef __init__(self, **kwargs):\n",
    "\t\t\"\"\"\n",
    "\t\tInstatiates a kernel with the given hyperparameters.\n",
    "\t\thttps://docs.jax.dev/en/latest/pytrees.html#custom-pytrees-and-initialization\n",
    "\t\t:param kwargs: the hyperparameters of the kernel, as keyword arguments.\n",
    "\t\t\"\"\"\n",
    "\n",
    "\t\t# Register hyperparameters in *kwargs* as instance attributes\n",
    "\t\tself.__dict__.update(kwargs)\n",
    "\n",
    "\t\t# This check allows the user to assign a static class before and after calling super().__init__()\n",
    "\t\tif not hasattr(self, 'static_class'):\n",
    "\t\t\tself.static_class = StaticAbstractKernel\n",
    "\n",
    "\t\tif not hasattr(self, 'static_attributes'):\n",
    "\t\t\tself.static_attributes = {\"static_class\", \"static_attributes\"}\n",
    "\t\telse:\n",
    "\t\t\tself.static_attributes.union({\"static_class\", \"static_attributes\"})\n",
    "\n",
    "\n",
    "\tdef __str__(self):\n",
    "\t\treturn f\"{self.__class__.__name__}({', '.join([f'{key}={value}' for key, value in self.__dict__.items() if key not in self.static_attributes])})\"\n",
    "\n",
    "\tdef __repr__(self):\n",
    "\t\treturn str(self)\n",
    "\n",
    "\t@jit\n",
    "\tdef __call__(self, x1, x2=None):\n",
    "\t\t# If no x2 is provided, we compute the covariance between x1 and itself\n",
    "\t\tif x2 is None:\n",
    "\t\t\tx2 = x1\n",
    "\n",
    "\t\t# Turn scalar inputs into vectors\n",
    "\t\tx1, x2 = jnp.atleast_1d(x1), jnp.atleast_1d(x2)\n",
    "\n",
    "\t\t# Check for distinct hyperparameters\n",
    "\t\tkernel_has_some_distinct_hps = reduce(\n",
    "\t\t\tlambda acc, param: acc or (hasattr(param, 'shape') and len(param.shape) > 0 and param.shape[0] == x1.shape[0]), self, False)\n",
    "\n",
    "\t\tif kernel_has_some_distinct_hps and (x1.ndim != 3 or x2.ndim != 3):\n",
    "\t\t\traise ValueError(\"Kernel with distinct hyperparameters was called on unbatched inputs. It cannot know which hyperparameter value to use for this element\")\n",
    "\n",
    "\t\t# Call the appropriate method\n",
    "\t\tif jnp.ndim(x1) == 1 and jnp.ndim(x2) == 1:\n",
    "\t\t\treturn self.static_class.pairwise_cov_if_not_nan(self, x1, x2)\n",
    "\t\telif jnp.ndim(x1) == 2 and jnp.ndim(x2) == 1:\n",
    "\t\t\treturn self.static_class.cross_cov_vector_if_not_nan(self, x1, x2)\n",
    "\t\telif jnp.ndim(x1) == 1 and jnp.ndim(x2) == 2:\n",
    "\t\t\treturn self.static_class.cross_cov_vector_if_not_nan(self, x2, x1)\n",
    "\t\telif jnp.ndim(x1) == 2 and jnp.ndim(x2) == 2:\n",
    "\t\t\treturn self.static_class.cross_cov_matrix(self, x1, x2)\n",
    "\t\telif jnp.ndim(x1) == 3 and jnp.ndim(x2) == 3:\n",
    "\t\t\tif x1.shape[0] != x2.shape[0]:\n",
    "\t\t\t\traise ValueError(f\"Batch dimension mismatch: x1 has shape {x1.shape}, x2 has shape {x2.shape}.\")\n",
    "\t\t\treturn self.static_class.cross_cov_batch(self, x1, x2)\n",
    "\t\telse:\n",
    "\t\t\traise ValueError(\n",
    "\t\t\t\tf\"Invalid input dimensions: x1 has shape {x1.shape}, x2 has shape {x2.shape}. \"\n",
    "\t\t\t\t\"Expected 1D, 2D arrays or 3D arrays for batched inputs.\"\n",
    "\t\t\t)\n",
    "\n",
    "\t# Methods to use Kernel as a PyTree\n",
    "\tdef tree_flatten(self):\n",
    "\t\treturn tuple(val for key, val in self.__dict__.items() if key not in self.static_attributes), None  # No static values\n",
    "\n",
    "\t@classmethod\n",
    "\tdef tree_unflatten(cls, _, children):\n",
    "\t\t# This class being abstract, this function fails when called on an \"abstract instance\",\n",
    "\t\t# as we don't know the number of parameters the constructor expects, yet we send it children.\n",
    "\t\t# On a subclass, this will work as expected as long as the constructor has a clear number of\n",
    "\t\t# kwargs as parameters.\n",
    "\t\treturn cls(*children)\n",
    "\n",
    "\tdef __add__(self, other):\n",
    "\t\t#from Kernax.OperatorKernels import SumKernel\n",
    "\t\treturn SumKernel(self, other)\n",
    "\n",
    "\tdef __radd__(self, other):\n",
    "\t\t#from Kernax.OperatorKernels import SumKernel\n",
    "\t\treturn SumKernel(other, self)\n",
    "\n",
    "\tdef __neg__(self):\n",
    "\t\t#from Kernax.WrapperKernels import NegKernel\n",
    "\t\treturn NegKernel(self)\n",
    "\n",
    "\tdef __mul__(self, other):\n",
    "\t\t#from Kernax.OperatorKernels import ProductKernel\n",
    "\t\treturn ProductKernel(self, other)\n",
    "\n",
    "\tdef __rmul__(self, other):\n",
    "\t\t#from Kernax.OperatorKernels import ProductKernel\n",
    "\t\treturn ProductKernel(other, self)\n"
   ],
   "id": "227c32fb3187071e",
   "outputs": [],
   "execution_count": 7
  },
  {
   "metadata": {
    "ExecuteTime": {
     "end_time": "2025-07-09T14:21:08.771735Z",
     "start_time": "2025-07-09T14:21:08.769190Z"
    }
   },
   "cell_type": "code",
   "source": [
    "class StaticConstantKernel(StaticAbstractKernel):\n",
    "\t@classmethod\n",
    "\t@partial(jit, static_argnums=(0,))\n",
    "\tdef pairwise_cov(cls, kern, x1: jnp.ndarray, x2: jnp.ndarray) -> jnp.ndarray:\n",
    "\t\t\"\"\"\n",
    "\t\tCompute the kernel covariance value between two vectors.\n",
    "\n",
    "\t\t:param kern: the kernel to use, containing hyperparameters\n",
    "\t\t:param x1: scalar array\n",
    "\t\t:param x2: scalar array\n",
    "\t\t:param kwargs: hyperparameters of the kernel\n",
    "\t\t:return: scalar array\n",
    "\t\t\"\"\"\n",
    "\t\treturn kern.value  # The constant value is returned regardless of the inputs\n",
    "\n",
    "\n",
    "@register_pytree_node_class\n",
    "class ConstantKernel(AbstractKernel):\n",
    "\tdef __init__(self, value=1.):\n",
    "\t\t\"\"\"\n",
    "\t\tInstantiates a constant kernel with the given value.\n",
    "\n",
    "\t\t:param value: the value of the constant kernel\n",
    "\t\t\"\"\"\n",
    "\t\tsuper().__init__(value=value)\n",
    "\t\tself.static_class = StaticConstantKernel\n"
   ],
   "id": "52aa38f5ba70b6c",
   "outputs": [],
   "execution_count": 8
  },
  {
   "metadata": {
    "ExecuteTime": {
     "end_time": "2025-07-09T14:21:08.799555Z",
     "start_time": "2025-07-09T14:21:08.792223Z"
    }
   },
   "cell_type": "code",
   "source": [
    "class StaticSEMagmaKernel(StaticAbstractKernel):\n",
    "\t@classmethod\n",
    "\t@partial(jit, static_argnums=(0,))\n",
    "\tdef pairwise_cov(cls, kern, x1: jnp.ndarray, x2: jnp.ndarray) -> jnp.ndarray:\n",
    "\t\t\"\"\"\n",
    "\t\tCompute the kernel covariance value between two vectors.\n",
    "\n",
    "\t\t:param kern: the kernel to use, containing hyperparameters\n",
    "\t\t:param x1: scalar array\n",
    "\t\t:param x2: scalar array\n",
    "\t\t:param kwargs: hyperparameters of the kernel\n",
    "\t\t:return: scalar array\n",
    "\t\t\"\"\"\n",
    "\t\treturn jnp.exp(kern.variance - jnp.exp(-kern.length_scale) * jnp.sum((x1 - x2) ** 2) * 0.5)\n",
    "\n",
    "@register_pytree_node_class\n",
    "class SEMagmaKernel(AbstractKernel):\n",
    "\tdef __init__(self, length_scale=None, variance=None, **kwargs):\n",
    "\t\tsuper().__init__(length_scale=length_scale, variance=variance, **kwargs)\n",
    "\t\tself.static_class = StaticSEMagmaKernel"
   ],
   "id": "9a834cbf923d1d8b",
   "outputs": [],
   "execution_count": 9
  },
  {
   "metadata": {
    "ExecuteTime": {
     "end_time": "2025-07-09T14:21:08.813043Z",
     "start_time": "2025-07-09T14:21:08.807860Z"
    }
   },
   "cell_type": "code",
   "source": [
    "import jax.numpy as jnp\n",
    "from jax import jit\n",
    "from jax.tree_util import register_pytree_node_class\n",
    "\n",
    "# from Kernax import AbstractKernel, ConstantKernel\n",
    "\n",
    "\n",
    "@register_pytree_node_class\n",
    "class OperatorKernel(AbstractKernel):\n",
    "\t\"\"\" Class for kernels that apply some operation on the output of two kernels.\"\"\"\n",
    "\tdef __init__(self, left_kernel, right_kernel):\n",
    "\t\t\"\"\"\n",
    "\t\tInstantiates a sum kernel with the given kernels.\n",
    "\n",
    "\t\t:param right_kernel: the right kernel to sum\n",
    "\t\t:param left_kernel: the left kernel to sum\n",
    "\t\t\"\"\"\n",
    "\t\t# If any of the provided arguments are not kernels, we try to convert them to ConstantKernels\n",
    "\t\tif not isinstance(left_kernel, AbstractKernel):\n",
    "\t\t\tleft_kernel = ConstantKernel(value=left_kernel)\n",
    "\t\tif not isinstance(right_kernel, AbstractKernel):\n",
    "\t\t\tright_kernel = ConstantKernel(value=right_kernel)\n",
    "\n",
    "\t\tsuper().__init__(left_kernel=left_kernel, right_kernel=right_kernel)\n",
    "\n",
    "@register_pytree_node_class\n",
    "class SumKernel(OperatorKernel):\n",
    "\t\"\"\" Sum kernel that sums the outputs of two kernels.\"\"\"\n",
    "\t@jit\n",
    "\tdef __call__(self, x1: jnp.ndarray, x2: jnp.ndarray = None) -> jnp.ndarray:\n",
    "\t\tif x2 is None:\n",
    "\t\t\tx2 = x1\n",
    "\n",
    "\t\treturn self.left_kernel(x1, x2) + self.right_kernel(x1, x2)\n",
    "\n",
    "\n",
    "@register_pytree_node_class\n",
    "class ProductKernel(OperatorKernel):\n",
    "\t\"\"\" Product kernel that multiplies the outputs of two kernels. \"\"\"\n",
    "\n",
    "\t@jit\n",
    "\tdef __call__(self, x1: jnp.ndarray, x2: jnp.ndarray = None) -> jnp.ndarray:\n",
    "\t\tif x2 is None:\n",
    "\t\t\tx2 = x1\n",
    "\n",
    "\t\treturn self.left_kernel(x1, x2) * self.right_kernel(x1, x2)\n"
   ],
   "id": "971fc8dc8aff8fd9",
   "outputs": [],
   "execution_count": 10
  },
  {
   "metadata": {
    "ExecuteTime": {
     "end_time": "2025-07-09T14:21:08.829077Z",
     "start_time": "2025-07-09T14:21:08.822352Z"
    }
   },
   "cell_type": "code",
   "source": [
    "import jax.numpy as jnp\n",
    "from jax import jit\n",
    "from jax.tree_util import register_pytree_node_class\n",
    "from jax.lax import cond\n",
    "\n",
    "#from Kernax import AbstractKernel, ConstantKernel\n",
    "\n",
    "\n",
    "@register_pytree_node_class\n",
    "class WrapperKernel(AbstractKernel):\n",
    "\t\"\"\" Class for kernels that perform some operation on the output of another \"inner\" kernel.\"\"\"\n",
    "\tdef __init__(self, inner_kernel=None):\n",
    "\t\t\"\"\"\n",
    "\t\tInstantiates a wrapper kernel with the given inner kernel.\n",
    "\n",
    "\t\t:param inner_kernel: the inner kernel to wrap\n",
    "\t\t:param kwargs: hyperparameters of the kernel\n",
    "\t\t\"\"\"\n",
    "\t\t# If the inner kernel is not a kernel, we try to convert it to a ConstantKernel\n",
    "\t\tif not isinstance(inner_kernel, AbstractKernel):\n",
    "\t\t\tinner_kernel = ConstantKernel(value=inner_kernel)\n",
    "\n",
    "\t\tsuper().__init__(inner_kernel=inner_kernel)\n",
    "\n",
    "class StaticDiagKernel(StaticAbstractKernel):\n",
    "\t\"\"\"\n",
    "\tStatic kernel that returns a value only if the inputs are equal, otherwise returns 0.\n",
    "\tThis results in a diagonal cross-covariance matrix.\n",
    "\t\"\"\"\n",
    "\t@classmethod\n",
    "\t@partial(jit, static_argnums=(0,))\n",
    "\tdef pairwise_cov(cls, kern, x1: jnp.ndarray, x2: jnp.ndarray) -> jnp.ndarray:\n",
    "\t\treturn cond(jnp.all(x1 == x2),\n",
    "\t\t            lambda _: kern.inner_kernel(x1, x2),\n",
    "\t\t            lambda _: jnp.array(0.0),\n",
    "\t\t            None)\n",
    "\n",
    "\n",
    "@register_pytree_node_class\n",
    "class DiagKernel(WrapperKernel):\n",
    "\t\"\"\"\n",
    "\tKernel that returns a value only if the inputs are equal, otherwise returns 0.\n",
    "\tThis results in a diagonal cross-covariance matrix.\n",
    "\t\"\"\"\n",
    "\tdef __init__(self, inner_kernel=None):\n",
    "\t\tsuper().__init__(inner_kernel=inner_kernel)\n",
    "\t\tself.static_class = StaticDiagKernel\n",
    "\n",
    "\n",
    "@register_pytree_node_class\n",
    "class ExpKernel(WrapperKernel):\n",
    "\t\"\"\"\n",
    "\tKernel that applies the exponential operator to the output of another kernel.\n",
    "\t\"\"\"\n",
    "\t@jit\n",
    "\tdef __call__(self, x1: jnp.ndarray, x2: jnp.ndarray = None) -> jnp.ndarray:\n",
    "\t\tif x2 is None:\n",
    "\t\t\tx2 = x1\n",
    "\n",
    "\t\treturn jnp.exp(self.inner_kernel(x1, x2))\n",
    "\n",
    "\n",
    "@register_pytree_node_class\n",
    "class LogKernel(WrapperKernel):\n",
    "\t\"\"\"\n",
    "\tKernel that applies the logarithm operator to the output of another kernel.\n",
    "\t\"\"\"\n",
    "\t@jit\n",
    "\tdef __call__(self, x1: jnp.ndarray, x2: jnp.ndarray = None) -> jnp.ndarray:\n",
    "\t\tif x2 is None:\n",
    "\t\t\tx2 = x1\n",
    "\n",
    "\t\treturn jnp.log(self.inner_kernel(x1, x2))\n",
    "\n",
    "\n",
    "@register_pytree_node_class\n",
    "class NegKernel(WrapperKernel):\n",
    "\t@jit\n",
    "\tdef __call__(self, x1: jnp.ndarray, x2: jnp.ndarray = None) -> jnp.ndarray:\n",
    "\t\tif x2 is None:\n",
    "\t\t\tx2 = x1\n",
    "\n",
    "\t\treturn - self.inner_kernel(x1, x2)\n"
   ],
   "id": "a1304469197f2b8e",
   "outputs": [],
   "execution_count": 11
  },
  {
   "metadata": {},
   "cell_type": "markdown",
   "source": [
    "---\n",
    "## Comparison"
   ],
   "id": "88fdaed3f55aae3a"
  },
  {
   "metadata": {},
   "cell_type": "markdown",
   "source": "### On padded datasets",
   "id": "683df5e52bdfc3e5"
  },
  {
   "metadata": {
    "ExecuteTime": {
     "end_time": "2025-07-09T14:21:09.316673Z",
     "start_time": "2025-07-09T14:21:08.837973Z"
    }
   },
   "cell_type": "code",
   "source": [
    "db = pd.read_csv(\"../datasets/small_distinct_input_shared_hp.csv\")\n",
    "padded_inputs, padded_outputs, mappings, all_inputs = preprocess_db(db)\n",
    "padded_inputs.shape, padded_outputs.shape, mappings.shape, all_inputs.shape"
   ],
   "id": "cedb1c7647eb374b",
   "outputs": [
    {
     "data": {
      "text/plain": [
       "((20, 15, 1), (20, 15, 1), (20, 15), (41, 1))"
      ]
     },
     "execution_count": 12,
     "metadata": {},
     "output_type": "execute_result"
    }
   ],
   "execution_count": 12
  },
  {
   "metadata": {
    "ExecuteTime": {
     "end_time": "2025-07-09T14:21:09.337888Z",
     "start_time": "2025-07-09T14:21:09.329928Z"
    }
   },
   "cell_type": "code",
   "source": [
    "noises = jnp.arange(1., 2., .05)\n",
    "noises.shape"
   ],
   "id": "5c34aac99a722496",
   "outputs": [
    {
     "data": {
      "text/plain": [
       "(20,)"
      ]
     },
     "execution_count": 13,
     "metadata": {},
     "output_type": "execute_result"
    }
   ],
   "execution_count": 13
  },
  {
   "metadata": {
    "ExecuteTime": {
     "end_time": "2025-07-09T14:21:09.413591Z",
     "start_time": "2025-07-09T14:21:09.361039Z"
    }
   },
   "cell_type": "code",
   "source": "ExpKernel(jnp.arange(1., 21, 1))(padded_inputs)",
   "id": "aec0dbac07d06df8",
   "outputs": [
    {
     "data": {
      "text/plain": [
       "Array([[[2.71828183e+00, 2.71828183e+00, 2.71828183e+00, ...,\n",
       "         2.71828183e+00, 2.71828183e+00, 2.71828183e+00],\n",
       "        [2.71828183e+00, 2.71828183e+00, 2.71828183e+00, ...,\n",
       "         2.71828183e+00, 2.71828183e+00, 2.71828183e+00],\n",
       "        [2.71828183e+00, 2.71828183e+00, 2.71828183e+00, ...,\n",
       "         2.71828183e+00, 2.71828183e+00, 2.71828183e+00],\n",
       "        ...,\n",
       "        [2.71828183e+00, 2.71828183e+00, 2.71828183e+00, ...,\n",
       "         2.71828183e+00, 2.71828183e+00, 2.71828183e+00],\n",
       "        [2.71828183e+00, 2.71828183e+00, 2.71828183e+00, ...,\n",
       "         2.71828183e+00, 2.71828183e+00, 2.71828183e+00],\n",
       "        [2.71828183e+00, 2.71828183e+00, 2.71828183e+00, ...,\n",
       "         2.71828183e+00, 2.71828183e+00, 2.71828183e+00]],\n",
       "\n",
       "       [[7.38905610e+00, 7.38905610e+00, 7.38905610e+00, ...,\n",
       "         7.38905610e+00, 7.38905610e+00, 7.38905610e+00],\n",
       "        [7.38905610e+00, 7.38905610e+00, 7.38905610e+00, ...,\n",
       "         7.38905610e+00, 7.38905610e+00, 7.38905610e+00],\n",
       "        [7.38905610e+00, 7.38905610e+00, 7.38905610e+00, ...,\n",
       "         7.38905610e+00, 7.38905610e+00, 7.38905610e+00],\n",
       "        ...,\n",
       "        [7.38905610e+00, 7.38905610e+00, 7.38905610e+00, ...,\n",
       "         7.38905610e+00, 7.38905610e+00, 7.38905610e+00],\n",
       "        [7.38905610e+00, 7.38905610e+00, 7.38905610e+00, ...,\n",
       "         7.38905610e+00, 7.38905610e+00, 7.38905610e+00],\n",
       "        [7.38905610e+00, 7.38905610e+00, 7.38905610e+00, ...,\n",
       "         7.38905610e+00, 7.38905610e+00, 7.38905610e+00]],\n",
       "\n",
       "       [[2.00855369e+01, 2.00855369e+01, 2.00855369e+01, ...,\n",
       "         2.00855369e+01, 2.00855369e+01, 2.00855369e+01],\n",
       "        [2.00855369e+01, 2.00855369e+01, 2.00855369e+01, ...,\n",
       "         2.00855369e+01, 2.00855369e+01, 2.00855369e+01],\n",
       "        [2.00855369e+01, 2.00855369e+01, 2.00855369e+01, ...,\n",
       "         2.00855369e+01, 2.00855369e+01, 2.00855369e+01],\n",
       "        ...,\n",
       "        [2.00855369e+01, 2.00855369e+01, 2.00855369e+01, ...,\n",
       "         2.00855369e+01, 2.00855369e+01, 2.00855369e+01],\n",
       "        [2.00855369e+01, 2.00855369e+01, 2.00855369e+01, ...,\n",
       "         2.00855369e+01, 2.00855369e+01, 2.00855369e+01],\n",
       "        [2.00855369e+01, 2.00855369e+01, 2.00855369e+01, ...,\n",
       "         2.00855369e+01, 2.00855369e+01, 2.00855369e+01]],\n",
       "\n",
       "       ...,\n",
       "\n",
       "       [[6.56599691e+07, 6.56599691e+07, 6.56599691e+07, ...,\n",
       "         6.56599691e+07, 6.56599691e+07, 6.56599691e+07],\n",
       "        [6.56599691e+07, 6.56599691e+07, 6.56599691e+07, ...,\n",
       "         6.56599691e+07, 6.56599691e+07, 6.56599691e+07],\n",
       "        [6.56599691e+07, 6.56599691e+07, 6.56599691e+07, ...,\n",
       "         6.56599691e+07, 6.56599691e+07, 6.56599691e+07],\n",
       "        ...,\n",
       "        [6.56599691e+07, 6.56599691e+07, 6.56599691e+07, ...,\n",
       "         6.56599691e+07, 6.56599691e+07, 6.56599691e+07],\n",
       "        [6.56599691e+07, 6.56599691e+07, 6.56599691e+07, ...,\n",
       "         6.56599691e+07, 6.56599691e+07, 6.56599691e+07],\n",
       "        [6.56599691e+07, 6.56599691e+07, 6.56599691e+07, ...,\n",
       "         6.56599691e+07, 6.56599691e+07, 6.56599691e+07]],\n",
       "\n",
       "       [[1.78482301e+08, 1.78482301e+08, 1.78482301e+08, ...,\n",
       "         1.78482301e+08, 1.78482301e+08, 1.78482301e+08],\n",
       "        [1.78482301e+08, 1.78482301e+08, 1.78482301e+08, ...,\n",
       "         1.78482301e+08, 1.78482301e+08, 1.78482301e+08],\n",
       "        [1.78482301e+08, 1.78482301e+08, 1.78482301e+08, ...,\n",
       "         1.78482301e+08, 1.78482301e+08, 1.78482301e+08],\n",
       "        ...,\n",
       "        [1.78482301e+08, 1.78482301e+08, 1.78482301e+08, ...,\n",
       "         1.78482301e+08, 1.78482301e+08, 1.78482301e+08],\n",
       "        [1.78482301e+08, 1.78482301e+08, 1.78482301e+08, ...,\n",
       "         1.78482301e+08, 1.78482301e+08, 1.78482301e+08],\n",
       "        [1.78482301e+08, 1.78482301e+08, 1.78482301e+08, ...,\n",
       "         1.78482301e+08, 1.78482301e+08, 1.78482301e+08]],\n",
       "\n",
       "       [[4.85165195e+08, 4.85165195e+08, 4.85165195e+08, ...,\n",
       "         4.85165195e+08, 4.85165195e+08, 4.85165195e+08],\n",
       "        [4.85165195e+08, 4.85165195e+08, 4.85165195e+08, ...,\n",
       "         4.85165195e+08, 4.85165195e+08, 4.85165195e+08],\n",
       "        [4.85165195e+08, 4.85165195e+08, 4.85165195e+08, ...,\n",
       "         4.85165195e+08, 4.85165195e+08, 4.85165195e+08],\n",
       "        ...,\n",
       "        [4.85165195e+08, 4.85165195e+08, 4.85165195e+08, ...,\n",
       "         4.85165195e+08, 4.85165195e+08, 4.85165195e+08],\n",
       "        [4.85165195e+08, 4.85165195e+08, 4.85165195e+08, ...,\n",
       "         4.85165195e+08, 4.85165195e+08, 4.85165195e+08],\n",
       "        [4.85165195e+08, 4.85165195e+08, 4.85165195e+08, ...,\n",
       "         4.85165195e+08, 4.85165195e+08, 4.85165195e+08]]], dtype=float64)"
      ]
     },
     "execution_count": 14,
     "metadata": {},
     "output_type": "execute_result"
    }
   ],
   "execution_count": 14
  },
  {
   "metadata": {
    "ExecuteTime": {
     "end_time": "2025-07-09T14:21:09.428192Z",
     "start_time": "2025-07-09T14:21:09.426313Z"
    }
   },
   "cell_type": "code",
   "source": [
    "#old_kernel = Kernax.SEMagmaKernel(length_scale=jnp.array(.3), variance=jnp.array(1.))\n",
    "new_kernel = SEMagmaKernel(length_scale=.3, variance=1.) + DiagKernel(ExpKernel(noises))"
   ],
   "id": "fac8dddbdaf27c65",
   "outputs": [],
   "execution_count": 15
  },
  {
   "metadata": {
    "ExecuteTime": {
     "end_time": "2025-07-09T14:21:09.448680Z",
     "start_time": "2025-07-09T14:21:09.446245Z"
    }
   },
   "cell_type": "code",
   "source": [
    "k = ExpKernel(1.)\n",
    "k.inner_kernel"
   ],
   "id": "850e401b762b869f",
   "outputs": [
    {
     "data": {
      "text/plain": [
       "ConstantKernel(value=1.0)"
      ]
     },
     "execution_count": 16,
     "metadata": {},
     "output_type": "execute_result"
    }
   ],
   "execution_count": 16
  },
  {
   "metadata": {
    "ExecuteTime": {
     "end_time": "2025-07-09T14:21:09.497584Z",
     "start_time": "2025-07-09T14:21:09.473654Z"
    }
   },
   "cell_type": "code",
   "source": "k.inner_kernel(jnp.array([1.]), jnp.array([2.]))",
   "id": "1fd4bf721096f239",
   "outputs": [
    {
     "data": {
      "text/plain": [
       "Array(1., dtype=float64, weak_type=True)"
      ]
     },
     "execution_count": 17,
     "metadata": {},
     "output_type": "execute_result"
    }
   ],
   "execution_count": 17
  },
  {
   "metadata": {
    "ExecuteTime": {
     "end_time": "2025-07-09T14:21:09.514991Z",
     "start_time": "2025-07-09T14:21:09.513625Z"
    }
   },
   "cell_type": "code",
   "source": "",
   "id": "8be670103cc19799",
   "outputs": [],
   "execution_count": null
  },
  {
   "metadata": {
    "ExecuteTime": {
     "end_time": "2025-07-09T14:21:09.543146Z",
     "start_time": "2025-07-09T14:21:09.529701Z"
    }
   },
   "cell_type": "code",
   "source": "k.inner_kernel.static_class.pairwise_cov(k.inner_kernel, jnp.array([1.]), jnp.array([2.]))",
   "id": "83dc70be050b0d04",
   "outputs": [
    {
     "data": {
      "text/plain": [
       "Array(1., dtype=float64, weak_type=True)"
      ]
     },
     "execution_count": 18,
     "metadata": {},
     "output_type": "execute_result"
    }
   ],
   "execution_count": 18
  },
  {
   "metadata": {
    "ExecuteTime": {
     "end_time": "2025-07-09T14:21:09.580144Z",
     "start_time": "2025-07-09T14:21:09.577196Z"
    }
   },
   "cell_type": "code",
   "source": "k.inner_kernel.value",
   "id": "c89940e44c4fe460",
   "outputs": [
    {
     "data": {
      "text/plain": [
       "1.0"
      ]
     },
     "execution_count": 19,
     "metadata": {},
     "output_type": "execute_result"
    }
   ],
   "execution_count": 19
  },
  {
   "metadata": {
    "ExecuteTime": {
     "end_time": "2025-07-09T14:28:07.601657Z",
     "start_time": "2025-07-09T14:28:07.527479Z"
    }
   },
   "cell_type": "code",
   "source": "np.asarray(new_kernel(padded_inputs)[0])",
   "id": "dcf2517e5b9aba04",
   "outputs": [
    {
     "data": {
      "text/plain": [
       "array([[5.43656366e+00, 1.87684259e+00, 1.18125744e+00, 9.69381635e-02,\n",
       "        3.69895326e-05, 4.99744738e-18, 9.32034373e-20, 1.44438281e-21,\n",
       "        1.30722600e-29, 8.02480483e-32, 4.09340734e-34, 1.78828412e-41,\n",
       "        4.34864282e-44, 2.38610445e-55, 1.83974406e-61],\n",
       "       [1.87684259e+00, 5.43656366e+00, 2.47786604e+00, 6.17771617e-01,\n",
       "        1.50226023e-03, 8.24291618e-15, 2.22654366e-16, 4.99744738e-18,\n",
       "        1.99013770e-25, 1.76943071e-27, 1.30722600e-29, 1.73501060e-36,\n",
       "        6.11062994e-39, 1.47532679e-49, 2.38610445e-55],\n",
       "       [1.18125744e+00, 2.47786604e+00, 5.43656366e+00, 1.18125744e+00,\n",
       "        7.25150848e-03, 2.53569629e-13, 8.24291618e-15, 2.22654366e-16,\n",
       "        1.85994190e-23, 1.99013770e-25, 1.76943071e-27, 4.09340734e-34,\n",
       "        1.73501060e-36, 8.78693960e-47, 2.05828495e-52],\n",
       "       [9.69381635e-02, 6.17771617e-01, 1.18125744e+00, 5.43656366e+00,\n",
       "        2.68459037e-01, 2.42966498e-09, 1.37667045e-10, 6.48157084e-12,\n",
       "        4.99744738e-18, 9.32034373e-20, 1.44438281e-21, 1.76943071e-27,\n",
       "        1.30722600e-29, 6.11062994e-39, 4.34864282e-44],\n",
       "       [3.69895326e-05, 1.50226023e-03, 7.25150848e-03, 2.68459037e-01,\n",
       "        5.43656366e+00, 2.58600086e-04, 3.69895326e-05, 4.39638488e-06,\n",
       "        1.37667045e-10, 6.48157084e-12, 2.53569629e-13, 4.99744738e-18,\n",
       "        9.32034373e-20, 1.76943071e-27, 8.02480483e-32],\n",
       "       [4.99744738e-18, 8.24291618e-15, 2.53569629e-13, 2.42966498e-09,\n",
       "        2.58600086e-04, 5.43656366e+00, 2.47786604e+00, 1.87684259e+00,\n",
       "        9.69381635e-02, 2.90856137e-02, 7.25150848e-03, 3.69895326e-05,\n",
       "        4.39638488e-06, 1.37667045e-10, 2.53569629e-13],\n",
       "       [9.32034373e-20, 2.22654366e-16, 8.24291618e-15, 1.37667045e-10,\n",
       "        3.69895326e-05, 2.47786604e+00, 5.43656366e+00, 2.47786604e+00,\n",
       "        2.68459037e-01, 9.69381635e-02, 2.90856137e-02, 2.58600086e-04,\n",
       "        3.69895326e-05, 2.42966498e-09, 6.48157084e-12],\n",
       "       [1.44438281e-21, 4.99744738e-18, 2.22654366e-16, 6.48157084e-12,\n",
       "        4.39638488e-06, 1.87684259e+00, 2.47786604e+00, 5.43656366e+00,\n",
       "        6.17771617e-01, 2.68459037e-01, 9.69381635e-02, 1.50226023e-03,\n",
       "        2.58600086e-04, 3.56311206e-08, 1.37667045e-10],\n",
       "       [1.30722600e-29, 1.99013770e-25, 1.85994190e-23, 4.99744738e-18,\n",
       "        1.37667045e-10, 9.69381635e-02, 2.68459037e-01, 6.17771617e-01,\n",
       "        5.43656366e+00, 2.47786604e+00, 1.87684259e+00, 2.68459037e-01,\n",
       "        9.69381635e-02, 2.58600086e-04, 4.39638488e-06],\n",
       "       [8.02480483e-32, 1.76943071e-27, 1.99013770e-25, 9.32034373e-20,\n",
       "        6.48157084e-12, 2.90856137e-02, 9.69381635e-02, 2.68459037e-01,\n",
       "        2.47786604e+00, 5.43656366e+00, 2.47786604e+00, 6.17771617e-01,\n",
       "        2.68459037e-01, 1.50226023e-03, 3.69895326e-05],\n",
       "       [4.09340734e-34, 1.30722600e-29, 1.76943071e-27, 1.44438281e-21,\n",
       "        2.53569629e-13, 7.25150848e-03, 2.90856137e-02, 9.69381635e-02,\n",
       "        1.87684259e+00, 2.47786604e+00, 5.43656366e+00, 1.18125744e+00,\n",
       "        6.17771617e-01, 7.25150848e-03, 2.58600086e-04],\n",
       "       [1.78828412e-41, 1.73501060e-36, 4.09340734e-34, 1.76943071e-27,\n",
       "        4.99744738e-18, 3.69895326e-05, 2.58600086e-04, 1.50226023e-03,\n",
       "        2.68459037e-01, 6.17771617e-01, 1.18125744e+00, 5.43656366e+00,\n",
       "        2.47786604e+00, 2.68459037e-01, 2.90856137e-02],\n",
       "       [4.34864282e-44, 6.11062994e-39, 1.73501060e-36, 1.30722600e-29,\n",
       "        9.32034373e-20, 4.39638488e-06, 3.69895326e-05, 2.58600086e-04,\n",
       "        9.69381635e-02, 2.68459037e-01, 6.17771617e-01, 2.47786604e+00,\n",
       "        5.43656366e+00, 6.17771617e-01, 9.69381635e-02],\n",
       "       [2.38610445e-55, 1.47532679e-49, 8.78693960e-47, 6.11062994e-39,\n",
       "        1.76943071e-27, 1.37667045e-10, 2.42966498e-09, 3.56311206e-08,\n",
       "        2.58600086e-04, 1.50226023e-03, 7.25150848e-03, 2.68459037e-01,\n",
       "        6.17771617e-01, 5.43656366e+00, 1.87684259e+00],\n",
       "       [1.83974406e-61, 2.38610445e-55, 2.05828495e-52, 4.34864282e-44,\n",
       "        8.02480483e-32, 2.53569629e-13, 6.48157084e-12, 1.37667045e-10,\n",
       "        4.39638488e-06, 3.69895326e-05, 2.58600086e-04, 2.90856137e-02,\n",
       "        9.69381635e-02, 1.87684259e+00, 5.43656366e+00]])"
      ]
     },
     "execution_count": 25,
     "metadata": {},
     "output_type": "execute_result"
    }
   ],
   "execution_count": 25
  },
  {
   "metadata": {
    "ExecuteTime": {
     "end_time": "2025-07-09T14:21:09.814576Z",
     "start_time": "2025-07-09T14:21:09.730825Z"
    }
   },
   "cell_type": "code",
   "source": "np.asarray(new_kernel.right_kernel(padded_inputs)[0])",
   "id": "3d9d6096870be8f3",
   "outputs": [
    {
     "data": {
      "text/plain": [
       "array([[2.71828183, 0.        , 0.        , 0.        , 0.        ,\n",
       "        0.        , 0.        , 0.        , 0.        , 0.        ,\n",
       "        0.        , 0.        , 0.        , 0.        , 0.        ],\n",
       "       [0.        , 2.71828183, 0.        , 0.        , 0.        ,\n",
       "        0.        , 0.        , 0.        , 0.        , 0.        ,\n",
       "        0.        , 0.        , 0.        , 0.        , 0.        ],\n",
       "       [0.        , 0.        , 2.71828183, 0.        , 0.        ,\n",
       "        0.        , 0.        , 0.        , 0.        , 0.        ,\n",
       "        0.        , 0.        , 0.        , 0.        , 0.        ],\n",
       "       [0.        , 0.        , 0.        , 2.71828183, 0.        ,\n",
       "        0.        , 0.        , 0.        , 0.        , 0.        ,\n",
       "        0.        , 0.        , 0.        , 0.        , 0.        ],\n",
       "       [0.        , 0.        , 0.        , 0.        , 2.71828183,\n",
       "        0.        , 0.        , 0.        , 0.        , 0.        ,\n",
       "        0.        , 0.        , 0.        , 0.        , 0.        ],\n",
       "       [0.        , 0.        , 0.        , 0.        , 0.        ,\n",
       "        2.71828183, 0.        , 0.        , 0.        , 0.        ,\n",
